mat:
[[ 1 2 3]
 [ 6 5 4]
 [ 7 8 9]]

矩阵的形状是：(3, 3)

矩阵变形为1*9是:
[[ 1 2 3 6 5 4 7 8 9]]

矩阵变形为9*1是:
[[ 1]
 [ 2]
 [ 3]
 [ 6]
 [ 5]
 [ 4]
 [ 7]
 [ 8]
 [ 9]]

乘积结果是:
[[ 10]
 [ 32]
 [ 46]]

矩阵转置是:
[[ 1 6 7]
 [ 2 5 8]
 [ 3 4 9]]

矩阵自身全部求和是:
[[ 45]]

矩阵按行求和是:
[[  6]
 [ 15]
 [ 24]]

矩阵按列求和是:
[[ 14 15 16]]

矩阵复制是:
[[ 1 2 3]
 [ 6 5 4]
 [ 7 8 9]]

矩阵的Kronecker积为
[[  5  6 10 12 15 18]
 [  7  8 14 16 21 24]
 [ 30 36 25 30 20 24]
 [ 42 48 35 40 28 32]
 [ 35 42 40 48 45 54]
 [ 49 56 56 64 63 72]]

mat[1, 2]:
4

mat[:2, 1:]:
[[ 2 3]
 [ 5 4]]

将(2,3)变为0后的矩阵为:
[[ 1 2 3]
 [ 6 5 0]
 [ 7 8 9]]

将[1:, 2:]变为0矩阵:
[[ 1 2 3]
 [ 6 5 0]
 [ 7 8 0]]

矩阵的3次方是:
[[  516  552  588]
 [  996 1065 1134]
 [ 1812 1938 2064]]

两矩阵之和为：
[[  3  5  7]
 [ 11 13 13]
 [ 14 10 14]]

两矩阵之差为：
[[ -1 -1 -1]
 [  1 -3 -5]
 [  0  6  4]]

两矩阵的“乘积”为：
[[  2  6 12]
 [ 30 40 36]
 [ 49 16 45]]

矩阵元素的数目为:
9

矩阵为：
[[ 1 2 3]
 [ 6 5 4]
 [ 7 8 9]]

矩阵的行列式为：
-0.0

new_mat的逆矩阵为：
[[ -0.15734058913995036   0.013131432627469538 -0.00023660238968413547]
 [    0.561386490003549  -0.004897669466461612  -0.0026144564060097005]
 [ 0.011522536377617416 -0.0011120312315154382   0.0018218384005678457]]

矩阵的秩为：
2

5阶单位矩阵为：
[[ 1 0 0 0 0]
 [ 0 1 0 0 0]
 [ 0 0 1 0 0]
 [ 0 0 0 1 0]
 [ 0 0 0 0 1]]

[[ 1 2 3]
 [ 6 5 4]
 [ 7 8 9]]
三行二列的矩阵为:
[[ 1 1]
 [ 1 1]
 [ 1 1]]

range(1,9,2)的矩阵为:
[[ 1 3 5 7]]

三行二列的零矩阵为:
[[ 0 0]
 [ 0 0]
 [ 0 0]]

与mat形状相同的零矩阵为:
[[ 0 0 0]
 [ 0 0 0]
 [ 0 0 0]]

三行二列的一矩阵为:
[[ 1 1]
 [ 1 1]
 [ 1 1]]

与mat形状相同的一矩阵为:
[[ 1 1 1]
 [ 1 1 1]
 [ 1 1 1]]

三行二列的随机矩阵为:
[[  0.5433751849773234  0.9179213086344871]
 [ 0.18455748948955364  0.8632597024559459]
 [  0.7501904353484865 0.07564682308173443]]

与mat形状相同的随机矩阵为:
[[ 0.2573429008890391  0.9583680434767732 0.31797773688686626]
 [ 0.5737290197525107  0.5352920364667088 0.04908656154548319]
 [  0.344002693329327 0.45318898139578456 0.09702188231416875]]

A,B = Matrix([[0, 1, 2]]), Matrix([[3, 4, 5]])纵向拼接的结果为:
[[ 0 1 2]
 [ 3 4 5]]

A,B = Matrix([[0, 1, 2]]), Matrix([[3, 4, 5]])横向拼接A,B,A的结果为:
[[ 0 1 2 3 4 5 0 1 2]]

将函数f(x)=x**2作用于mat的结果为:
[[  1  4  9]
 [ 36 25 16]
 [ 49 64 81]]

[[ 1 2 3]
 [ 6 5 4]
 [ 7 8 9]]
m24为:
[[ 0 1 2 3 4 5 6 7 8 9 10 11 12 13 14 15 16 17 18 19 20 21 22 23]]

m24变换为(3, 8)是:
[[  0  1  2  3  4  5  6  7]
 [  8  9 10 11 12 13 14 15]
 [ 16 17 18 19 20 21 22 23]]

m24变换为(24, 1)是:
[[  0]
 [  1]
 [  2]
 [  3]
 [  4]
 [  5]
 [  6]
 [  7]
 [  8]
 [  9]
 [ 10]
 [ 11]
 [ 12]
 [ 13]
 [ 14]
 [ 15]
 [ 16]
 [ 17]
 [ 18]
 [ 19]
 [ 20]
 [ 21]
 [ 22]
 [ 23]]

m24变换为(4, 6)是:
[[  0  1  2  3  4  5]
 [  6  7  8  9 10 11]
 [ 12 13 14 15 16 17]
 [ 18 19 20 21 22 23]]

3*3维的0矩阵是:
[[ 0 0 0]
 [ 0 0 0]
 [ 0 0 0]]

m24的zeros_like为:
[[ 0 0 0 0 0 0 0 0 0 0 0 0 0 0 0 0 0 0 0 0 0 0 0 0]]

(3, 3)的全1矩阵是:
[[ 1 1 1]
 [ 1 1 1]
 [ 1 1 1]]

ones_like(m24)是:
[[ 1 1 1 1 1 1 1 1 1 1 1 1 1 1 1 1 1 1 1 1 1 1 1 1]]

3*3的随机矩阵:
[[ 0.38941380697978734  0.780606467471658  0.2970822322896546]
 [ 0.45410004332974163 0.6410954744328805  0.8771647905267856]
 [  0.4290903965942394 0.5884361689547359 0.32880401897723255]]

m24的nrandom_like为:
[[ 0.9222256984542428 0.3788375176135581 0.08702430624839108 0.46760353962958345 0.9979952163295891 0.7614173400374524 0.735198163264818 0.3155087773808689 0.6295779599796251 0.2755431580227423 0.21759237033533163 0.965239278676887 0.997100926781819 0.5446499235795169 0.2771418831055884 0.7937661449267313 0.5450028151772132 0.45184236840518954 0.03283124132460191 0.485220842579428 0.9876318683261387 0.18212950427293584 0.7366139820352414 0.6035681986357323]]

误差为:
[[  -0.7066392948075807]
 [  0.15451796422903152]
 [   -1.898585763137623]
 [   0.5574250210858066]
 [  -1.7029182126399416]
 [    2.919668337203637]
 [  -1.3710439825623346]
 [  -2.2024459215376972]
 [   2.7778349227786685]
 [ 0.002418581946005305]
 [   2.0290078898869135]
 [  -2.2961491134638976]
 [    -2.69563776925089]
 [  -0.7792606445862674]
 [  -1.4576929278798427]
 [    0.681962376959813]
 [  -1.3958052106702192]
 [ -0.38957969665703257]
 [    -2.29604984226156]
 [   0.5057126174101912]
 [   2.3067273231234946]
 [     3.45093257302633]
 [   2.3485158267926076]
 [   0.3226062680090266]
 [   1.0172454509716573]
 [   0.0730432793594373]
 [   2.4247775881273093]
 [  -1.2650733694518337]
 [   -2.704048701257937]
 [   2.7083760439831237]
 [   -0.536178088806159]
 [  -1.6414624204825143]
 [   0.8821981751050338]
 [   0.3898921427385349]
 [  -0.5796302365495146]
 [ -0.09867714687422158]
 [  -0.1234005364760975]
 [   -2.293532766685382]
 [   0.4314288134015357]
 [    1.417506172413527]
 [  0.22400662355267142]
 [   -1.238939635090396]
 [   0.7010015120434586]
 [  -1.1949397037082594]
 [  -0.2519982633925465]
 [  -0.2960016255489456]
 [ -0.23465085349679482]
 [  -1.3438334889125025]
 [  -1.6499398986906668]
 [ -0.22538293438488932]
 [  -2.2732871206062413]
 [    1.400275955837619]
 [  -1.9105887727341389]
 [   1.9237909256765107]
 [    2.493489780551485]
 [  -1.2398208548252039]
 [   1.4922826327291334]
 [   1.0761618075216166]
 [  -2.1162491713363796]
 [   1.9869095755876442]
 [  -0.3108659700759877]
 [   1.5504230467651798]
 [   0.5458146531610251]
 [ -0.36630090568981394]
 [  -1.2603681140781084]
 [   1.6550813170195133]
 [    1.954601814432167]
 [     2.36906371217841]
 [   1.1131152493460992]
 [    0.424695915480756]
 [  -1.9544612348886177]
 [  -3.2429013139533107]
 [   0.9793197812972303]
 [   2.1738535307770404]
 [ -0.09275727496255348]
 [    2.307156583305767]
 [  -0.1878256170034503]
 [   1.9569003423629039]
 [  -3.0445236483059395]
 [   0.9311678831910792]
 [   -1.938021139171452]
 [   1.1242483053659882]
 [  -0.6134088836160139]
 [   -1.705157845129464]
 [ -0.09617714604384708]
 [   -1.077758225184148]
 [   -0.605197481385502]
 [   0.9215998040296794]
 [   1.0922726028834084]
 [  -1.5861216876693858]
 [  -1.8784028868784968]
 [ -0.02497007089129899]
 [  -0.3634865510300209]
 [    1.207387231967545]
 [   2.5671403742202843]
 [   2.8455590983528394]
 [  -1.5381032119019507]
 [  -1.4931671155666248]
 [   0.9746208111418836]
 [   0.6870680601198531]]
